6
23
160
104
16
202
76
275
54
120
255
211
44
228
100
189
59
90
116
222
148
204
158
3
179
68
65
194
272
161
56
39
118
166
190
207
203
214
220
113
96
66
21
253
135
97
102
24
276
185
149
35
31
58
176
64
265
131
150
178
172
180
62
8
142
82
53
34
201
238
123
26
171
256
229
173
169
136
269
86
69
221
240
47
52
79
242
263
175
51
245
195
241
11
196
103
9
144
254
153
216
22
98
128
105
12
208
94
36
41
126
10
55
170
244
209
27
273
57
277
274
92
30
75
199
1
37
78
108
7
95
117
114
111
164
132
115
177
28
206
129
17
243
146
167
193
261
48
157
210
19
224
85
119
14
110
205
231
130
163
219
248
33
84
223
151
46
225
145
188
133
198
218
38
42
239
249
226
106
137
259
121
258
20
152
236
93
187
99
271
18
101
192
25
88
61
109
60
147
107
